--------------------------------
|     1                        |
|     2                        |
|     3                        |
|     4                        |
|     5                        |
|     6                        |
|     7                        |
|     8         oo             |
|     9        ooooo           |
|     10         ooo           |
|     11                       |
|     12                       |
|     13                       |
|     14                       |
|     15                       |
|     16                       |
--------------------------------
